--------------------
Cycle:1	64	ADD	R1, R0, #4

Registers
R00:	0	4	0	0	0	0	0	0	0	0	0	0	0	0	0	0
R16:	0	0	0	0	0	0	0	0	0	0	0	0	0	0	0	0

Data
164:	0	-1	0	1	2	1	1	0
196:	5	-5	6	1	1	1	1	1
228:	1	1	1	1	1	1	1	0

--------------------
Cycle:2	68	ADD	R2, R0, #1

Registers
R00:	0	4	1	0	0	0	0	0	0	0	0	0	0	0	0	0
R16:	0	0	0	0	0	0	0	0	0	0	0	0	0	0	0	0

Data
164:	0	-1	0	1	2	1	1	0
196:	5	-5	6	1	1	1	1	1
228:	1	1	1	1	1	1	1	0

--------------------
Cycle:3	72	ADD	R4, R2, R1

Registers
R00:	0	4	1	0	5	0	0	0	0	0	0	0	0	0	0	0
R16:	0	0	0	0	0	0	0	0	0	0	0	0	0	0	0	0

Data
164:	0	-1	0	1	2	1	1	0
196:	5	-5	6	1	1	1	1	1
228:	1	1	1	1	1	1	1	0

--------------------
Cycle:4	76	ADD	R5, R4, R2

Registers
R00:	0	4	1	0	5	6	0	0	0	0	0	0	0	0	0	0
R16:	0	0	0	0	0	0	0	0	0	0	0	0	0	0	0	0

Data
164:	0	-1	0	1	2	1	1	0
196:	5	-5	6	1	1	1	1	1
228:	1	1	1	1	1	1	1	0

--------------------
Cycle:5	80	ADD	R6, R2, R5

Registers
R00:	0	4	1	0	5	6	7	0	0	0	0	0	0	0	0	0
R16:	0	0	0	0	0	0	0	0	0	0	0	0	0	0	0	0

Data
164:	0	-1	0	1	2	1	1	0
196:	5	-5	6	1	1	1	1	1
228:	1	1	1	1	1	1	1	0

--------------------
Cycle:6	84	ADD	R7, R2, R6

Registers
R00:	0	4	1	0	5	6	7	8	0	0	0	0	0	0	0	0
R16:	0	0	0	0	0	0	0	0	0	0	0	0	0	0	0	0

Data
164:	0	-1	0	1	2	1	1	0
196:	5	-5	6	1	1	1	1	1
228:	1	1	1	1	1	1	1	0

--------------------
Cycle:7	88	ADD	R1, R1, R5

Registers
R00:	0	10	1	0	5	6	7	8	0	0	0	0	0	0	0	0
R16:	0	0	0	0	0	0	0	0	0	0	0	0	0	0	0	0

Data
164:	0	-1	0	1	2	1	1	0
196:	5	-5	6	1	1	1	1	1
228:	1	1	1	1	1	1	1	0

--------------------
Cycle:8	92	SW	R1, 252(R0)

Registers
R00:	0	10	1	0	5	6	7	8	0	0	0	0	0	0	0	0
R16:	0	0	0	0	0	0	0	0	0	0	0	0	0	0	0	0

Data
164:	0	-1	0	1	2	1	1	0
196:	5	-5	6	1	1	1	1	1
228:	1	1	1	1	1	1	10	0

--------------------
Cycle:9	96	LW	R1, 252(R0)

Registers
R00:	0	10	1	0	5	6	7	8	0	0	0	0	0	0	0	0
R16:	0	0	0	0	0	0	0	0	0	0	0	0	0	0	0	0

Data
164:	0	-1	0	1	2	1	1	0
196:	5	-5	6	1	1	1	1	1
228:	1	1	1	1	1	1	10	0

--------------------
Cycle:10	100	BLTZ	R1, #52

Registers
R00:	0	10	1	0	5	6	7	8	0	0	0	0	0	0	0	0
R16:	0	0	0	0	0	0	0	0	0	0	0	0	0	0	0	0

Data
164:	0	-1	0	1	2	1	1	0
196:	5	-5	6	1	1	1	1	1
228:	1	1	1	1	1	1	10	0

--------------------
Cycle:11	104	SLL	R10, R1, #2

Registers
R00:	0	10	1	0	5	6	7	8	0	0	40	0	0	0	0	0
R16:	0	0	0	0	0	0	0	0	0	0	0	0	0	0	0	0

Data
164:	0	-1	0	1	2	1	1	0
196:	5	-5	6	1	1	1	1	1
228:	1	1	1	1	1	1	10	0

--------------------
Cycle:12	108	LW	R5, 188(R10)

Registers
R00:	0	10	1	0	5	1	7	8	0	0	40	0	0	0	0	0
R16:	0	0	0	0	0	0	0	0	0	0	0	0	0	0	0	0

Data
164:	0	-1	0	1	2	1	1	0
196:	5	-5	6	1	1	1	1	1
228:	1	1	1	1	1	1	10	0

--------------------
Cycle:13	112	LW	R4, 184(R10)

Registers
R00:	0	10	1	0	1	1	7	8	0	0	40	0	0	0	0	0
R16:	0	0	0	0	0	0	0	0	0	0	0	0	0	0	0	0

Data
164:	0	-1	0	1	2	1	1	0
196:	5	-5	6	1	1	1	1	1
228:	1	1	1	1	1	1	10	0

--------------------
Cycle:14	116	LW	R3, 180(R10)

Registers
R00:	0	10	1	1	1	1	7	8	0	0	40	0	0	0	0	0
R16:	0	0	0	0	0	0	0	0	0	0	0	0	0	0	0	0

Data
164:	0	-1	0	1	2	1	1	0
196:	5	-5	6	1	1	1	1	1
228:	1	1	1	1	1	1	10	0

--------------------
Cycle:15	120	SRL	R11, R1, #2

Registers
R00:	0	10	1	1	1	1	7	8	0	0	40	5	0	0	0	0
R16:	0	0	0	0	0	0	0	0	0	0	0	0	0	0	0	0

Data
164:	0	-1	0	1	2	1	1	0
196:	5	-5	6	1	1	1	1	1
228:	1	1	1	1	1	1	10	0

--------------------
Cycle:16	124	MUL	R0, R11, R0

Registers
R00:	0	10	1	1	1	1	7	8	0	0	40	5	0	0	0	0
R16:	0	0	0	0	0	0	0	0	0	0	0	0	0	0	0	0

Data
164:	0	-1	0	1	2	1	1	0
196:	5	-5	6	1	1	1	1	1
228:	1	1	1	1	1	1	10	0

--------------------
Cycle:17	128	ADD	R6, R5, R3

Registers
R00:	0	10	1	1	1	1	2	8	0	0	40	5	0	0	0	0
R16:	0	0	0	0	0	0	0	0	0	0	0	0	0	0	0	0

Data
164:	0	-1	0	1	2	1	1	0
196:	5	-5	6	1	1	1	1	1
228:	1	1	1	1	1	1	10	0

--------------------
Cycle:18	132	J	#140

Registers
R00:	0	10	1	1	1	1	2	8	0	0	40	5	0	0	0	0
R16:	0	0	0	0	0	0	0	0	0	0	0	0	0	0	0	0

Data
164:	0	-1	0	1	2	1	1	0
196:	5	-5	6	1	1	1	1	1
228:	1	1	1	1	1	1	10	0

--------------------
Cycle:19	140	SW	R6, 176(R10)

Registers
R00:	0	10	1	1	1	1	2	8	0	0	40	5	0	0	0	0
R16:	0	0	0	0	0	0	0	0	0	0	0	0	0	0	0	0

Data
164:	0	-1	0	1	2	1	1	0
196:	5	-5	6	1	1	2	1	1
228:	1	1	1	1	1	1	10	0

--------------------
Cycle:20	144	SUB	R1, R1, R2

Registers
R00:	0	9	1	1	1	1	2	8	0	0	40	5	0	0	0	0
R16:	0	0	0	0	0	0	0	0	0	0	0	0	0	0	0	0

Data
164:	0	-1	0	1	2	1	1	0
196:	5	-5	6	1	1	2	1	1
228:	1	1	1	1	1	1	10	0

--------------------
Cycle:21	148	SW	R1, 252(R0)

Registers
R00:	0	9	1	1	1	1	2	8	0	0	40	5	0	0	0	0
R16:	0	0	0	0	0	0	0	0	0	0	0	0	0	0	0	0

Data
164:	0	-1	0	1	2	1	1	0
196:	5	-5	6	1	1	2	1	1
228:	1	1	1	1	1	1	9	0

--------------------
Cycle:22	152	J	#96

Registers
R00:	0	9	1	1	1	1	2	8	0	0	40	5	0	0	0	0
R16:	0	0	0	0	0	0	0	0	0	0	0	0	0	0	0	0

Data
164:	0	-1	0	1	2	1	1	0
196:	5	-5	6	1	1	2	1	1
228:	1	1	1	1	1	1	9	0

--------------------
Cycle:23	96	LW	R1, 252(R0)

Registers
R00:	0	9	1	1	1	1	2	8	0	0	40	5	0	0	0	0
R16:	0	0	0	0	0	0	0	0	0	0	0	0	0	0	0	0

Data
164:	0	-1	0	1	2	1	1	0
196:	5	-5	6	1	1	2	1	1
228:	1	1	1	1	1	1	9	0

--------------------
Cycle:24	100	BLTZ	R1, #52

Registers
R00:	0	9	1	1	1	1	2	8	0	0	40	5	0	0	0	0
R16:	0	0	0	0	0	0	0	0	0	0	0	0	0	0	0	0

Data
164:	0	-1	0	1	2	1	1	0
196:	5	-5	6	1	1	2	1	1
228:	1	1	1	1	1	1	9	0

--------------------
Cycle:25	104	SLL	R10, R1, #2

Registers
R00:	0	9	1	1	1	1	2	8	0	0	36	5	0	0	0	0
R16:	0	0	0	0	0	0	0	0	0	0	0	0	0	0	0	0

Data
164:	0	-1	0	1	2	1	1	0
196:	5	-5	6	1	1	2	1	1
228:	1	1	1	1	1	1	9	0

--------------------
Cycle:26	108	LW	R5, 188(R10)

Registers
R00:	0	9	1	1	1	1	2	8	0	0	36	5	0	0	0	0
R16:	0	0	0	0	0	0	0	0	0	0	0	0	0	0	0	0

Data
164:	0	-1	0	1	2	1	1	0
196:	5	-5	6	1	1	2	1	1
228:	1	1	1	1	1	1	9	0

--------------------
Cycle:27	112	LW	R4, 184(R10)

Registers
R00:	0	9	1	1	1	1	2	8	0	0	36	5	0	0	0	0
R16:	0	0	0	0	0	0	0	0	0	0	0	0	0	0	0	0

Data
164:	0	-1	0	1	2	1	1	0
196:	5	-5	6	1	1	2	1	1
228:	1	1	1	1	1	1	9	0

--------------------
Cycle:28	116	LW	R3, 180(R10)

Registers
R00:	0	9	1	2	1	1	2	8	0	0	36	5	0	0	0	0
R16:	0	0	0	0	0	0	0	0	0	0	0	0	0	0	0	0

Data
164:	0	-1	0	1	2	1	1	0
196:	5	-5	6	1	1	2	1	1
228:	1	1	1	1	1	1	9	0

--------------------
Cycle:29	120	SRL	R11, R1, #2

Registers
R00:	0	9	1	2	1	1	2	8	0	0	36	4	0	0	0	0
R16:	0	0	0	0	0	0	0	0	0	0	0	0	0	0	0	0

Data
164:	0	-1	0	1	2	1	1	0
196:	5	-5	6	1	1	2	1	1
228:	1	1	1	1	1	1	9	0

--------------------
Cycle:30	124	MUL	R0, R11, R0

Registers
R00:	0	9	1	2	1	1	2	8	0	0	36	4	0	0	0	0
R16:	0	0	0	0	0	0	0	0	0	0	0	0	0	0	0	0

Data
164:	0	-1	0	1	2	1	1	0
196:	5	-5	6	1	1	2	1	1
228:	1	1	1	1	1	1	9	0

--------------------
Cycle:31	128	ADD	R6, R5, R3

Registers
R00:	0	9	1	2	1	1	3	8	0	0	36	4	0	0	0	0
R16:	0	0	0	0	0	0	0	0	0	0	0	0	0	0	0	0

Data
164:	0	-1	0	1	2	1	1	0
196:	5	-5	6	1	1	2	1	1
228:	1	1	1	1	1	1	9	0

--------------------
Cycle:32	132	J	#140

Registers
R00:	0	9	1	2	1	1	3	8	0	0	36	4	0	0	0	0
R16:	0	0	0	0	0	0	0	0	0	0	0	0	0	0	0	0

Data
164:	0	-1	0	1	2	1	1	0
196:	5	-5	6	1	1	2	1	1
228:	1	1	1	1	1	1	9	0

--------------------
Cycle:33	140	SW	R6, 176(R10)

Registers
R00:	0	9	1	2	1	1	3	8	0	0	36	4	0	0	0	0
R16:	0	0	0	0	0	0	0	0	0	0	0	0	0	0	0	0

Data
164:	0	-1	0	1	2	1	1	0
196:	5	-5	6	1	3	2	1	1
228:	1	1	1	1	1	1	9	0

--------------------
Cycle:34	144	SUB	R1, R1, R2

Registers
R00:	0	8	1	2	1	1	3	8	0	0	36	4	0	0	0	0
R16:	0	0	0	0	0	0	0	0	0	0	0	0	0	0	0	0

Data
164:	0	-1	0	1	2	1	1	0
196:	5	-5	6	1	3	2	1	1
228:	1	1	1	1	1	1	9	0

--------------------
Cycle:35	148	SW	R1, 252(R0)

Registers
R00:	0	8	1	2	1	1	3	8	0	0	36	4	0	0	0	0
R16:	0	0	0	0	0	0	0	0	0	0	0	0	0	0	0	0

Data
164:	0	-1	0	1	2	1	1	0
196:	5	-5	6	1	3	2	1	1
228:	1	1	1	1	1	1	8	0

--------------------
Cycle:36	152	J	#96

Registers
R00:	0	8	1	2	1	1	3	8	0	0	36	4	0	0	0	0
R16:	0	0	0	0	0	0	0	0	0	0	0	0	0	0	0	0

Data
164:	0	-1	0	1	2	1	1	0
196:	5	-5	6	1	3	2	1	1
228:	1	1	1	1	1	1	8	0

--------------------
Cycle:37	96	LW	R1, 252(R0)

Registers
R00:	0	8	1	2	1	1	3	8	0	0	36	4	0	0	0	0
R16:	0	0	0	0	0	0	0	0	0	0	0	0	0	0	0	0

Data
164:	0	-1	0	1	2	1	1	0
196:	5	-5	6	1	3	2	1	1
228:	1	1	1	1	1	1	8	0

--------------------
Cycle:38	100	BLTZ	R1, #52

Registers
R00:	0	8	1	2	1	1	3	8	0	0	36	4	0	0	0	0
R16:	0	0	0	0	0	0	0	0	0	0	0	0	0	0	0	0

Data
164:	0	-1	0	1	2	1	1	0
196:	5	-5	6	1	3	2	1	1
228:	1	1	1	1	1	1	8	0

--------------------
Cycle:39	104	SLL	R10, R1, #2

Registers
R00:	0	8	1	2	1	1	3	8	0	0	32	4	0	0	0	0
R16:	0	0	0	0	0	0	0	0	0	0	0	0	0	0	0	0

Data
164:	0	-1	0	1	2	1	1	0
196:	5	-5	6	1	3	2	1	1
228:	1	1	1	1	1	1	8	0

--------------------
Cycle:40	108	LW	R5, 188(R10)

Registers
R00:	0	8	1	2	1	1	3	8	0	0	32	4	0	0	0	0
R16:	0	0	0	0	0	0	0	0	0	0	0	0	0	0	0	0

Data
164:	0	-1	0	1	2	1	1	0
196:	5	-5	6	1	3	2	1	1
228:	1	1	1	1	1	1	8	0

--------------------
Cycle:41	112	LW	R4, 184(R10)

Registers
R00:	0	8	1	2	2	1	3	8	0	0	32	4	0	0	0	0
R16:	0	0	0	0	0	0	0	0	0	0	0	0	0	0	0	0

Data
164:	0	-1	0	1	2	1	1	0
196:	5	-5	6	1	3	2	1	1
228:	1	1	1	1	1	1	8	0

--------------------
Cycle:42	116	LW	R3, 180(R10)

Registers
R00:	0	8	1	3	2	1	3	8	0	0	32	4	0	0	0	0
R16:	0	0	0	0	0	0	0	0	0	0	0	0	0	0	0	0

Data
164:	0	-1	0	1	2	1	1	0
196:	5	-5	6	1	3	2	1	1
228:	1	1	1	1	1	1	8	0

--------------------
Cycle:43	120	SRL	R11, R1, #2

Registers
R00:	0	8	1	3	2	1	3	8	0	0	32	4	0	0	0	0
R16:	0	0	0	0	0	0	0	0	0	0	0	0	0	0	0	0

Data
164:	0	-1	0	1	2	1	1	0
196:	5	-5	6	1	3	2	1	1
228:	1	1	1	1	1	1	8	0

--------------------
Cycle:44	124	MUL	R0, R11, R0

Registers
R00:	0	8	1	3	2	1	3	8	0	0	32	4	0	0	0	0
R16:	0	0	0	0	0	0	0	0	0	0	0	0	0	0	0	0

Data
164:	0	-1	0	1	2	1	1	0
196:	5	-5	6	1	3	2	1	1
228:	1	1	1	1	1	1	8	0

--------------------
Cycle:45	128	ADD	R6, R5, R3

Registers
R00:	0	8	1	3	2	1	4	8	0	0	32	4	0	0	0	0
R16:	0	0	0	0	0	0	0	0	0	0	0	0	0	0	0	0

Data
164:	0	-1	0	1	2	1	1	0
196:	5	-5	6	1	3	2	1	1
228:	1	1	1	1	1	1	8	0

--------------------
Cycle:46	132	J	#140

Registers
R00:	0	8	1	3	2	1	4	8	0	0	32	4	0	0	0	0
R16:	0	0	0	0	0	0	0	0	0	0	0	0	0	0	0	0

Data
164:	0	-1	0	1	2	1	1	0
196:	5	-5	6	1	3	2	1	1
228:	1	1	1	1	1	1	8	0

--------------------
Cycle:47	140	SW	R6, 176(R10)

Registers
R00:	0	8	1	3	2	1	4	8	0	0	32	4	0	0	0	0
R16:	0	0	0	0	0	0	0	0	0	0	0	0	0	0	0	0

Data
164:	0	-1	0	1	2	1	1	0
196:	5	-5	6	4	3	2	1	1
228:	1	1	1	1	1	1	8	0

--------------------
Cycle:48	144	SUB	R1, R1, R2

Registers
R00:	0	7	1	3	2	1	4	8	0	0	32	4	0	0	0	0
R16:	0	0	0	0	0	0	0	0	0	0	0	0	0	0	0	0

Data
164:	0	-1	0	1	2	1	1	0
196:	5	-5	6	4	3	2	1	1
228:	1	1	1	1	1	1	8	0

--------------------
Cycle:49	148	SW	R1, 252(R0)

Registers
R00:	0	7	1	3	2	1	4	8	0	0	32	4	0	0	0	0
R16:	0	0	0	0	0	0	0	0	0	0	0	0	0	0	0	0

Data
164:	0	-1	0	1	2	1	1	0
196:	5	-5	6	4	3	2	1	1
228:	1	1	1	1	1	1	7	0

--------------------
Cycle:50	152	J	#96

Registers
R00:	0	7	1	3	2	1	4	8	0	0	32	4	0	0	0	0
R16:	0	0	0	0	0	0	0	0	0	0	0	0	0	0	0	0

Data
164:	0	-1	0	1	2	1	1	0
196:	5	-5	6	4	3	2	1	1
228:	1	1	1	1	1	1	7	0

--------------------
Cycle:51	96	LW	R1, 252(R0)

Registers
R00:	0	7	1	3	2	1	4	8	0	0	32	4	0	0	0	0
R16:	0	0	0	0	0	0	0	0	0	0	0	0	0	0	0	0

Data
164:	0	-1	0	1	2	1	1	0
196:	5	-5	6	4	3	2	1	1
228:	1	1	1	1	1	1	7	0

--------------------
Cycle:52	100	BLTZ	R1, #52

Registers
R00:	0	7	1	3	2	1	4	8	0	0	32	4	0	0	0	0
R16:	0	0	0	0	0	0	0	0	0	0	0	0	0	0	0	0

Data
164:	0	-1	0	1	2	1	1	0
196:	5	-5	6	4	3	2	1	1
228:	1	1	1	1	1	1	7	0

--------------------
Cycle:53	104	SLL	R10, R1, #2

Registers
R00:	0	7	1	3	2	1	4	8	0	0	28	4	0	0	0	0
R16:	0	0	0	0	0	0	0	0	0	0	0	0	0	0	0	0

Data
164:	0	-1	0	1	2	1	1	0
196:	5	-5	6	4	3	2	1	1
228:	1	1	1	1	1	1	7	0

--------------------
Cycle:54	108	LW	R5, 188(R10)

Registers
R00:	0	7	1	3	2	2	4	8	0	0	28	4	0	0	0	0
R16:	0	0	0	0	0	0	0	0	0	0	0	0	0	0	0	0

Data
164:	0	-1	0	1	2	1	1	0
196:	5	-5	6	4	3	2	1	1
228:	1	1	1	1	1	1	7	0

--------------------
Cycle:55	112	LW	R4, 184(R10)

Registers
R00:	0	7	1	3	3	2	4	8	0	0	28	4	0	0	0	0
R16:	0	0	0	0	0	0	0	0	0	0	0	0	0	0	0	0

Data
164:	0	-1	0	1	2	1	1	0
196:	5	-5	6	4	3	2	1	1
228:	1	1	1	1	1	1	7	0

--------------------
Cycle:56	116	LW	R3, 180(R10)

Registers
R00:	0	7	1	4	3	2	4	8	0	0	28	4	0	0	0	0
R16:	0	0	0	0	0	0	0	0	0	0	0	0	0	0	0	0

Data
164:	0	-1	0	1	2	1	1	0
196:	5	-5	6	4	3	2	1	1
228:	1	1	1	1	1	1	7	0

--------------------
Cycle:57	120	SRL	R11, R1, #2

Registers
R00:	0	7	1	4	3	2	4	8	0	0	28	3	0	0	0	0
R16:	0	0	0	0	0	0	0	0	0	0	0	0	0	0	0	0

Data
164:	0	-1	0	1	2	1	1	0
196:	5	-5	6	4	3	2	1	1
228:	1	1	1	1	1	1	7	0

--------------------
Cycle:58	124	MUL	R0, R11, R0

Registers
R00:	0	7	1	4	3	2	4	8	0	0	28	3	0	0	0	0
R16:	0	0	0	0	0	0	0	0	0	0	0	0	0	0	0	0

Data
164:	0	-1	0	1	2	1	1	0
196:	5	-5	6	4	3	2	1	1
228:	1	1	1	1	1	1	7	0

--------------------
Cycle:59	128	ADD	R6, R5, R3

Registers
R00:	0	7	1	4	3	2	6	8	0	0	28	3	0	0	0	0
R16:	0	0	0	0	0	0	0	0	0	0	0	0	0	0	0	0

Data
164:	0	-1	0	1	2	1	1	0
196:	5	-5	6	4	3	2	1	1
228:	1	1	1	1	1	1	7	0

--------------------
Cycle:60	132	J	#140

Registers
R00:	0	7	1	4	3	2	6	8	0	0	28	3	0	0	0	0
R16:	0	0	0	0	0	0	0	0	0	0	0	0	0	0	0	0

Data
164:	0	-1	0	1	2	1	1	0
196:	5	-5	6	4	3	2	1	1
228:	1	1	1	1	1	1	7	0

--------------------
Cycle:61	140	SW	R6, 176(R10)

Registers
R00:	0	7	1	4	3	2	6	8	0	0	28	3	0	0	0	0
R16:	0	0	0	0	0	0	0	0	0	0	0	0	0	0	0	0

Data
164:	0	-1	0	1	2	1	1	0
196:	5	-5	6	4	3	2	1	1
228:	1	1	1	1	1	1	7	0

--------------------
Cycle:62	144	SUB	R1, R1, R2

Registers
R00:	0	6	1	4	3	2	6	8	0	0	28	3	0	0	0	0
R16:	0	0	0	0	0	0	0	0	0	0	0	0	0	0	0	0

Data
164:	0	-1	0	1	2	1	1	0
196:	5	-5	6	4	3	2	1	1
228:	1	1	1	1	1	1	7	0

--------------------
Cycle:63	148	SW	R1, 252(R0)

Registers
R00:	0	6	1	4	3	2	6	8	0	0	28	3	0	0	0	0
R16:	0	0	0	0	0	0	0	0	0	0	0	0	0	0	0	0

Data
164:	0	-1	0	1	2	1	1	0
196:	5	-5	6	4	3	2	1	1
228:	1	1	1	1	1	1	6	0

--------------------
Cycle:64	152	J	#96

Registers
R00:	0	6	1	4	3	2	6	8	0	0	28	3	0	0	0	0
R16:	0	0	0	0	0	0	0	0	0	0	0	0	0	0	0	0

Data
164:	0	-1	0	1	2	1	1	0
196:	5	-5	6	4	3	2	1	1
228:	1	1	1	1	1	1	6	0

--------------------
Cycle:65	96	LW	R1, 252(R0)

Registers
R00:	0	6	1	4	3	2	6	8	0	0	28	3	0	0	0	0
R16:	0	0	0	0	0	0	0	0	0	0	0	0	0	0	0	0

Data
164:	0	-1	0	1	2	1	1	0
196:	5	-5	6	4	3	2	1	1
228:	1	1	1	1	1	1	6	0

--------------------
Cycle:66	100	BLTZ	R1, #52

Registers
R00:	0	6	1	4	3	2	6	8	0	0	28	3	0	0	0	0
R16:	0	0	0	0	0	0	0	0	0	0	0	0	0	0	0	0

Data
164:	0	-1	0	1	2	1	1	0
196:	5	-5	6	4	3	2	1	1
228:	1	1	1	1	1	1	6	0

--------------------
Cycle:67	104	SLL	R10, R1, #2

Registers
R00:	0	6	1	4	3	2	6	8	0	0	24	3	0	0	0	0
R16:	0	0	0	0	0	0	0	0	0	0	0	0	0	0	0	0

Data
164:	0	-1	0	1	2	1	1	0
196:	5	-5	6	4	3	2	1	1
228:	1	1	1	1	1	1	6	0

--------------------
Cycle:68	108	LW	R5, 188(R10)

Registers
R00:	0	6	1	4	3	3	6	8	0	0	24	3	0	0	0	0
R16:	0	0	0	0	0	0	0	0	0	0	0	0	0	0	0	0

Data
164:	0	-1	0	1	2	1	1	0
196:	5	-5	6	4	3	2	1	1
228:	1	1	1	1	1	1	6	0

--------------------
Cycle:69	112	LW	R4, 184(R10)

Registers
R00:	0	6	1	4	4	3	6	8	0	0	24	3	0	0	0	0
R16:	0	0	0	0	0	0	0	0	0	0	0	0	0	0	0	0

Data
164:	0	-1	0	1	2	1	1	0
196:	5	-5	6	4	3	2	1	1
228:	1	1	1	1	1	1	6	0

--------------------
Cycle:70	116	LW	R3, 180(R10)

Registers
R00:	0	6	1	6	4	3	6	8	0	0	24	3	0	0	0	0
R16:	0	0	0	0	0	0	0	0	0	0	0	0	0	0	0	0

Data
164:	0	-1	0	1	2	1	1	0
196:	5	-5	6	4	3	2	1	1
228:	1	1	1	1	1	1	6	0

--------------------
Cycle:71	120	SRL	R11, R1, #2

Registers
R00:	0	6	1	6	4	3	6	8	0	0	24	3	0	0	0	0
R16:	0	0	0	0	0	0	0	0	0	0	0	0	0	0	0	0

Data
164:	0	-1	0	1	2	1	1	0
196:	5	-5	6	4	3	2	1	1
228:	1	1	1	1	1	1	6	0

--------------------
Cycle:72	124	MUL	R0, R11, R0

Registers
R00:	0	6	1	6	4	3	6	8	0	0	24	3	0	0	0	0
R16:	0	0	0	0	0	0	0	0	0	0	0	0	0	0	0	0

Data
164:	0	-1	0	1	2	1	1	0
196:	5	-5	6	4	3	2	1	1
228:	1	1	1	1	1	1	6	0

--------------------
Cycle:73	128	ADD	R6, R5, R3

Registers
R00:	0	6	1	6	4	3	9	8	0	0	24	3	0	0	0	0
R16:	0	0	0	0	0	0	0	0	0	0	0	0	0	0	0	0

Data
164:	0	-1	0	1	2	1	1	0
196:	5	-5	6	4	3	2	1	1
228:	1	1	1	1	1	1	6	0

--------------------
Cycle:74	132	J	#140

Registers
R00:	0	6	1	6	4	3	9	8	0	0	24	3	0	0	0	0
R16:	0	0	0	0	0	0	0	0	0	0	0	0	0	0	0	0

Data
164:	0	-1	0	1	2	1	1	0
196:	5	-5	6	4	3	2	1	1
228:	1	1	1	1	1	1	6	0

--------------------
Cycle:75	140	SW	R6, 176(R10)

Registers
R00:	0	6	1	6	4	3	9	8	0	0	24	3	0	0	0	0
R16:	0	0	0	0	0	0	0	0	0	0	0	0	0	0	0	0

Data
164:	0	-1	0	1	2	1	1	0
196:	5	9	6	4	3	2	1	1
228:	1	1	1	1	1	1	6	0

--------------------
Cycle:76	144	SUB	R1, R1, R2

Registers
R00:	0	5	1	6	4	3	9	8	0	0	24	3	0	0	0	0
R16:	0	0	0	0	0	0	0	0	0	0	0	0	0	0	0	0

Data
164:	0	-1	0	1	2	1	1	0
196:	5	9	6	4	3	2	1	1
228:	1	1	1	1	1	1	6	0

--------------------
Cycle:77	148	SW	R1, 252(R0)

Registers
R00:	0	5	1	6	4	3	9	8	0	0	24	3	0	0	0	0
R16:	0	0	0	0	0	0	0	0	0	0	0	0	0	0	0	0

Data
164:	0	-1	0	1	2	1	1	0
196:	5	9	6	4	3	2	1	1
228:	1	1	1	1	1	1	5	0

--------------------
Cycle:78	152	J	#96

Registers
R00:	0	5	1	6	4	3	9	8	0	0	24	3	0	0	0	0
R16:	0	0	0	0	0	0	0	0	0	0	0	0	0	0	0	0

Data
164:	0	-1	0	1	2	1	1	0
196:	5	9	6	4	3	2	1	1
228:	1	1	1	1	1	1	5	0

--------------------
Cycle:79	96	LW	R1, 252(R0)

Registers
R00:	0	5	1	6	4	3	9	8	0	0	24	3	0	0	0	0
R16:	0	0	0	0	0	0	0	0	0	0	0	0	0	0	0	0

Data
164:	0	-1	0	1	2	1	1	0
196:	5	9	6	4	3	2	1	1
228:	1	1	1	1	1	1	5	0

--------------------
Cycle:80	100	BLTZ	R1, #52

Registers
R00:	0	5	1	6	4	3	9	8	0	0	24	3	0	0	0	0
R16:	0	0	0	0	0	0	0	0	0	0	0	0	0	0	0	0

Data
164:	0	-1	0	1	2	1	1	0
196:	5	9	6	4	3	2	1	1
228:	1	1	1	1	1	1	5	0

--------------------
Cycle:81	104	SLL	R10, R1, #2

Registers
R00:	0	5	1	6	4	3	9	8	0	0	20	3	0	0	0	0
R16:	0	0	0	0	0	0	0	0	0	0	0	0	0	0	0	0

Data
164:	0	-1	0	1	2	1	1	0
196:	5	9	6	4	3	2	1	1
228:	1	1	1	1	1	1	5	0

--------------------
Cycle:82	108	LW	R5, 188(R10)

Registers
R00:	0	5	1	6	4	4	9	8	0	0	20	3	0	0	0	0
R16:	0	0	0	0	0	0	0	0	0	0	0	0	0	0	0	0

Data
164:	0	-1	0	1	2	1	1	0
196:	5	9	6	4	3	2	1	1
228:	1	1	1	1	1	1	5	0

--------------------
Cycle:83	112	LW	R4, 184(R10)

Registers
R00:	0	5	1	6	6	4	9	8	0	0	20	3	0	0	0	0
R16:	0	0	0	0	0	0	0	0	0	0	0	0	0	0	0	0

Data
164:	0	-1	0	1	2	1	1	0
196:	5	9	6	4	3	2	1	1
228:	1	1	1	1	1	1	5	0

--------------------
Cycle:84	116	LW	R3, 180(R10)

Registers
R00:	0	5	1	9	6	4	9	8	0	0	20	3	0	0	0	0
R16:	0	0	0	0	0	0	0	0	0	0	0	0	0	0	0	0

Data
164:	0	-1	0	1	2	1	1	0
196:	5	9	6	4	3	2	1	1
228:	1	1	1	1	1	1	5	0

--------------------
Cycle:85	120	SRL	R11, R1, #2

Registers
R00:	0	5	1	9	6	4	9	8	0	0	20	2	0	0	0	0
R16:	0	0	0	0	0	0	0	0	0	0	0	0	0	0	0	0

Data
164:	0	-1	0	1	2	1	1	0
196:	5	9	6	4	3	2	1	1
228:	1	1	1	1	1	1	5	0

--------------------
Cycle:86	124	MUL	R0, R11, R0

Registers
R00:	0	5	1	9	6	4	9	8	0	0	20	2	0	0	0	0
R16:	0	0	0	0	0	0	0	0	0	0	0	0	0	0	0	0

Data
164:	0	-1	0	1	2	1	1	0
196:	5	9	6	4	3	2	1	1
228:	1	1	1	1	1	1	5	0

--------------------
Cycle:87	128	ADD	R6, R5, R3

Registers
R00:	0	5	1	9	6	4	13	8	0	0	20	2	0	0	0	0
R16:	0	0	0	0	0	0	0	0	0	0	0	0	0	0	0	0

Data
164:	0	-1	0	1	2	1	1	0
196:	5	9	6	4	3	2	1	1
228:	1	1	1	1	1	1	5	0

--------------------
Cycle:88	132	J	#140

Registers
R00:	0	5	1	9	6	4	13	8	0	0	20	2	0	0	0	0
R16:	0	0	0	0	0	0	0	0	0	0	0	0	0	0	0	0

Data
164:	0	-1	0	1	2	1	1	0
196:	5	9	6	4	3	2	1	1
228:	1	1	1	1	1	1	5	0

--------------------
Cycle:89	140	SW	R6, 176(R10)

Registers
R00:	0	5	1	9	6	4	13	8	0	0	20	2	0	0	0	0
R16:	0	0	0	0	0	0	0	0	0	0	0	0	0	0	0	0

Data
164:	0	-1	0	1	2	1	1	0
196:	13	9	6	4	3	2	1	1
228:	1	1	1	1	1	1	5	0

--------------------
Cycle:90	144	SUB	R1, R1, R2

Registers
R00:	0	4	1	9	6	4	13	8	0	0	20	2	0	0	0	0
R16:	0	0	0	0	0	0	0	0	0	0	0	0	0	0	0	0

Data
164:	0	-1	0	1	2	1	1	0
196:	13	9	6	4	3	2	1	1
228:	1	1	1	1	1	1	5	0

--------------------
Cycle:91	148	SW	R1, 252(R0)

Registers
R00:	0	4	1	9	6	4	13	8	0	0	20	2	0	0	0	0
R16:	0	0	0	0	0	0	0	0	0	0	0	0	0	0	0	0

Data
164:	0	-1	0	1	2	1	1	0
196:	13	9	6	4	3	2	1	1
228:	1	1	1	1	1	1	4	0

--------------------
Cycle:92	152	J	#96

Registers
R00:	0	4	1	9	6	4	13	8	0	0	20	2	0	0	0	0
R16:	0	0	0	0	0	0	0	0	0	0	0	0	0	0	0	0

Data
164:	0	-1	0	1	2	1	1	0
196:	13	9	6	4	3	2	1	1
228:	1	1	1	1	1	1	4	0

--------------------
Cycle:93	96	LW	R1, 252(R0)

Registers
R00:	0	4	1	9	6	4	13	8	0	0	20	2	0	0	0	0
R16:	0	0	0	0	0	0	0	0	0	0	0	0	0	0	0	0

Data
164:	0	-1	0	1	2	1	1	0
196:	13	9	6	4	3	2	1	1
228:	1	1	1	1	1	1	4	0

--------------------
Cycle:94	100	BLTZ	R1, #52

Registers
R00:	0	4	1	9	6	4	13	8	0	0	20	2	0	0	0	0
R16:	0	0	0	0	0	0	0	0	0	0	0	0	0	0	0	0

Data
164:	0	-1	0	1	2	1	1	0
196:	13	9	6	4	3	2	1	1
228:	1	1	1	1	1	1	4	0

--------------------
Cycle:95	104	SLL	R10, R1, #2

Registers
R00:	0	4	1	9	6	4	13	8	0	0	16	2	0	0	0	0
R16:	0	0	0	0	0	0	0	0	0	0	0	0	0	0	0	0

Data
164:	0	-1	0	1	2	1	1	0
196:	13	9	6	4	3	2	1	1
228:	1	1	1	1	1	1	4	0

--------------------
Cycle:96	108	LW	R5, 188(R10)

Registers
R00:	0	4	1	9	6	6	13	8	0	0	16	2	0	0	0	0
R16:	0	0	0	0	0	0	0	0	0	0	0	0	0	0	0	0

Data
164:	0	-1	0	1	2	1	1	0
196:	13	9	6	4	3	2	1	1
228:	1	1	1	1	1	1	4	0

--------------------
Cycle:97	112	LW	R4, 184(R10)

Registers
R00:	0	4	1	9	9	6	13	8	0	0	16	2	0	0	0	0
R16:	0	0	0	0	0	0	0	0	0	0	0	0	0	0	0	0

Data
164:	0	-1	0	1	2	1	1	0
196:	13	9	6	4	3	2	1	1
228:	1	1	1	1	1	1	4	0

--------------------
Cycle:98	116	LW	R3, 180(R10)

Registers
R00:	0	4	1	13	9	6	13	8	0	0	16	2	0	0	0	0
R16:	0	0	0	0	0	0	0	0	0	0	0	0	0	0	0	0

Data
164:	0	-1	0	1	2	1	1	0
196:	13	9	6	4	3	2	1	1
228:	1	1	1	1	1	1	4	0

--------------------
Cycle:99	120	SRL	R11, R1, #2

Registers
R00:	0	4	1	13	9	6	13	8	0	0	16	2	0	0	0	0
R16:	0	0	0	0	0	0	0	0	0	0	0	0	0	0	0	0

Data
164:	0	-1	0	1	2	1	1	0
196:	13	9	6	4	3	2	1	1
228:	1	1	1	1	1	1	4	0

--------------------
Cycle:100	124	MUL	R0, R11, R0

Registers
R00:	0	4	1	13	9	6	13	8	0	0	16	2	0	0	0	0
R16:	0	0	0	0	0	0	0	0	0	0	0	0	0	0	0	0

Data
164:	0	-1	0	1	2	1	1	0
196:	13	9	6	4	3	2	1	1
228:	1	1	1	1	1	1	4	0

--------------------
Cycle:101	128	ADD	R6, R5, R3

Registers
R00:	0	4	1	13	9	6	19	8	0	0	16	2	0	0	0	0
R16:	0	0	0	0	0	0	0	0	0	0	0	0	0	0	0	0

Data
164:	0	-1	0	1	2	1	1	0
196:	13	9	6	4	3	2	1	1
228:	1	1	1	1	1	1	4	0

--------------------
Cycle:102	132	J	#140

Registers
R00:	0	4	1	13	9	6	19	8	0	0	16	2	0	0	0	0
R16:	0	0	0	0	0	0	0	0	0	0	0	0	0	0	0	0

Data
164:	0	-1	0	1	2	1	1	0
196:	13	9	6	4	3	2	1	1
228:	1	1	1	1	1	1	4	0

--------------------
Cycle:103	140	SW	R6, 176(R10)

Registers
R00:	0	4	1	13	9	6	19	8	0	0	16	2	0	0	0	0
R16:	0	0	0	0	0	0	0	0	0	0	0	0	0	0	0	0

Data
164:	0	-1	0	1	2	1	1	19
196:	13	9	6	4	3	2	1	1
228:	1	1	1	1	1	1	4	0

--------------------
Cycle:104	144	SUB	R1, R1, R2

Registers
R00:	0	3	1	13	9	6	19	8	0	0	16	2	0	0	0	0
R16:	0	0	0	0	0	0	0	0	0	0	0	0	0	0	0	0

Data
164:	0	-1	0	1	2	1	1	19
196:	13	9	6	4	3	2	1	1
228:	1	1	1	1	1	1	4	0

--------------------
Cycle:105	148	SW	R1, 252(R0)

Registers
R00:	0	3	1	13	9	6	19	8	0	0	16	2	0	0	0	0
R16:	0	0	0	0	0	0	0	0	0	0	0	0	0	0	0	0

Data
164:	0	-1	0	1	2	1	1	19
196:	13	9	6	4	3	2	1	1
228:	1	1	1	1	1	1	3	0

--------------------
Cycle:106	152	J	#96

Registers
R00:	0	3	1	13	9	6	19	8	0	0	16	2	0	0	0	0
R16:	0	0	0	0	0	0	0	0	0	0	0	0	0	0	0	0

Data
164:	0	-1	0	1	2	1	1	19
196:	13	9	6	4	3	2	1	1
228:	1	1	1	1	1	1	3	0

--------------------
Cycle:107	96	LW	R1, 252(R0)

Registers
R00:	0	3	1	13	9	6	19	8	0	0	16	2	0	0	0	0
R16:	0	0	0	0	0	0	0	0	0	0	0	0	0	0	0	0

Data
164:	0	-1	0	1	2	1	1	19
196:	13	9	6	4	3	2	1	1
228:	1	1	1	1	1	1	3	0

--------------------
Cycle:108	100	BLTZ	R1, #52

Registers
R00:	0	3	1	13	9	6	19	8	0	0	16	2	0	0	0	0
R16:	0	0	0	0	0	0	0	0	0	0	0	0	0	0	0	0

Data
164:	0	-1	0	1	2	1	1	19
196:	13	9	6	4	3	2	1	1
228:	1	1	1	1	1	1	3	0

--------------------
Cycle:109	104	SLL	R10, R1, #2

Registers
R00:	0	3	1	13	9	6	19	8	0	0	12	2	0	0	0	0
R16:	0	0	0	0	0	0	0	0	0	0	0	0	0	0	0	0

Data
164:	0	-1	0	1	2	1	1	19
196:	13	9	6	4	3	2	1	1
228:	1	1	1	1	1	1	3	0

--------------------
Cycle:110	108	LW	R5, 188(R10)

Registers
R00:	0	3	1	13	9	9	19	8	0	0	12	2	0	0	0	0
R16:	0	0	0	0	0	0	0	0	0	0	0	0	0	0	0	0

Data
164:	0	-1	0	1	2	1	1	19
196:	13	9	6	4	3	2	1	1
228:	1	1	1	1	1	1	3	0

--------------------
Cycle:111	112	LW	R4, 184(R10)

Registers
R00:	0	3	1	13	13	9	19	8	0	0	12	2	0	0	0	0
R16:	0	0	0	0	0	0	0	0	0	0	0	0	0	0	0	0

Data
164:	0	-1	0	1	2	1	1	19
196:	13	9	6	4	3	2	1	1
228:	1	1	1	1	1	1	3	0

--------------------
Cycle:112	116	LW	R3, 180(R10)

Registers
R00:	0	3	1	19	13	9	19	8	0	0	12	2	0	0	0	0
R16:	0	0	0	0	0	0	0	0	0	0	0	0	0	0	0	0

Data
164:	0	-1	0	1	2	1	1	19
196:	13	9	6	4	3	2	1	1
228:	1	1	1	1	1	1	3	0

--------------------
Cycle:113	120	SRL	R11, R1, #2

Registers
R00:	0	3	1	19	13	9	19	8	0	0	12	1	0	0	0	0
R16:	0	0	0	0	0	0	0	0	0	0	0	0	0	0	0	0

Data
164:	0	-1	0	1	2	1	1	19
196:	13	9	6	4	3	2	1	1
228:	1	1	1	1	1	1	3	0

--------------------
Cycle:114	124	MUL	R0, R11, R0

Registers
R00:	0	3	1	19	13	9	19	8	0	0	12	1	0	0	0	0
R16:	0	0	0	0	0	0	0	0	0	0	0	0	0	0	0	0

Data
164:	0	-1	0	1	2	1	1	19
196:	13	9	6	4	3	2	1	1
228:	1	1	1	1	1	1	3	0

--------------------
Cycle:115	128	ADD	R6, R5, R3

Registers
R00:	0	3	1	19	13	9	28	8	0	0	12	1	0	0	0	0
R16:	0	0	0	0	0	0	0	0	0	0	0	0	0	0	0	0

Data
164:	0	-1	0	1	2	1	1	19
196:	13	9	6	4	3	2	1	1
228:	1	1	1	1	1	1	3	0

--------------------
Cycle:116	132	J	#140

Registers
R00:	0	3	1	19	13	9	28	8	0	0	12	1	0	0	0	0
R16:	0	0	0	0	0	0	0	0	0	0	0	0	0	0	0	0

Data
164:	0	-1	0	1	2	1	1	19
196:	13	9	6	4	3	2	1	1
228:	1	1	1	1	1	1	3	0

--------------------
Cycle:117	140	SW	R6, 176(R10)

Registers
R00:	0	3	1	19	13	9	28	8	0	0	12	1	0	0	0	0
R16:	0	0	0	0	0	0	0	0	0	0	0	0	0	0	0	0

Data
164:	0	-1	0	1	2	1	28	19
196:	13	9	6	4	3	2	1	1
228:	1	1	1	1	1	1	3	0

--------------------
Cycle:118	144	SUB	R1, R1, R2

Registers
R00:	0	2	1	19	13	9	28	8	0	0	12	1	0	0	0	0
R16:	0	0	0	0	0	0	0	0	0	0	0	0	0	0	0	0

Data
164:	0	-1	0	1	2	1	28	19
196:	13	9	6	4	3	2	1	1
228:	1	1	1	1	1	1	3	0

--------------------
Cycle:119	148	SW	R1, 252(R0)

Registers
R00:	0	2	1	19	13	9	28	8	0	0	12	1	0	0	0	0
R16:	0	0	0	0	0	0	0	0	0	0	0	0	0	0	0	0

Data
164:	0	-1	0	1	2	1	28	19
196:	13	9	6	4	3	2	1	1
228:	1	1	1	1	1	1	2	0

--------------------
Cycle:120	152	J	#96

Registers
R00:	0	2	1	19	13	9	28	8	0	0	12	1	0	0	0	0
R16:	0	0	0	0	0	0	0	0	0	0	0	0	0	0	0	0

Data
164:	0	-1	0	1	2	1	28	19
196:	13	9	6	4	3	2	1	1
228:	1	1	1	1	1	1	2	0

--------------------
Cycle:121	96	LW	R1, 252(R0)

Registers
R00:	0	2	1	19	13	9	28	8	0	0	12	1	0	0	0	0
R16:	0	0	0	0	0	0	0	0	0	0	0	0	0	0	0	0

Data
164:	0	-1	0	1	2	1	28	19
196:	13	9	6	4	3	2	1	1
228:	1	1	1	1	1	1	2	0

--------------------
Cycle:122	100	BLTZ	R1, #52

Registers
R00:	0	2	1	19	13	9	28	8	0	0	12	1	0	0	0	0
R16:	0	0	0	0	0	0	0	0	0	0	0	0	0	0	0	0

Data
164:	0	-1	0	1	2	1	28	19
196:	13	9	6	4	3	2	1	1
228:	1	1	1	1	1	1	2	0

--------------------
Cycle:123	104	SLL	R10, R1, #2

Registers
R00:	0	2	1	19	13	9	28	8	0	0	8	1	0	0	0	0
R16:	0	0	0	0	0	0	0	0	0	0	0	0	0	0	0	0

Data
164:	0	-1	0	1	2	1	28	19
196:	13	9	6	4	3	2	1	1
228:	1	1	1	1	1	1	2	0

--------------------
Cycle:124	108	LW	R5, 188(R10)

Registers
R00:	0	2	1	19	13	13	28	8	0	0	8	1	0	0	0	0
R16:	0	0	0	0	0	0	0	0	0	0	0	0	0	0	0	0

Data
164:	0	-1	0	1	2	1	28	19
196:	13	9	6	4	3	2	1	1
228:	1	1	1	1	1	1	2	0

--------------------
Cycle:125	112	LW	R4, 184(R10)

Registers
R00:	0	2	1	19	19	13	28	8	0	0	8	1	0	0	0	0
R16:	0	0	0	0	0	0	0	0	0	0	0	0	0	0	0	0

Data
164:	0	-1	0	1	2	1	28	19
196:	13	9	6	4	3	2	1	1
228:	1	1	1	1	1	1	2	0

--------------------
Cycle:126	116	LW	R3, 180(R10)

Registers
R00:	0	2	1	28	19	13	28	8	0	0	8	1	0	0	0	0
R16:	0	0	0	0	0	0	0	0	0	0	0	0	0	0	0	0

Data
164:	0	-1	0	1	2	1	28	19
196:	13	9	6	4	3	2	1	1
228:	1	1	1	1	1	1	2	0

--------------------
Cycle:127	120	SRL	R11, R1, #2

Registers
R00:	0	2	1	28	19	13	28	8	0	0	8	1	0	0	0	0
R16:	0	0	0	0	0	0	0	0	0	0	0	0	0	0	0	0

Data
164:	0	-1	0	1	2	1	28	19
196:	13	9	6	4	3	2	1	1
228:	1	1	1	1	1	1	2	0

--------------------
Cycle:128	124	MUL	R0, R11, R0

Registers
R00:	0	2	1	28	19	13	28	8	0	0	8	1	0	0	0	0
R16:	0	0	0	0	0	0	0	0	0	0	0	0	0	0	0	0

Data
164:	0	-1	0	1	2	1	28	19
196:	13	9	6	4	3	2	1	1
228:	1	1	1	1	1	1	2	0

--------------------
Cycle:129	128	ADD	R6, R5, R3

Registers
R00:	0	2	1	28	19	13	41	8	0	0	8	1	0	0	0	0
R16:	0	0	0	0	0	0	0	0	0	0	0	0	0	0	0	0

Data
164:	0	-1	0	1	2	1	28	19
196:	13	9	6	4	3	2	1	1
228:	1	1	1	1	1	1	2	0

--------------------
Cycle:130	132	J	#140

Registers
R00:	0	2	1	28	19	13	41	8	0	0	8	1	0	0	0	0
R16:	0	0	0	0	0	0	0	0	0	0	0	0	0	0	0	0

Data
164:	0	-1	0	1	2	1	28	19
196:	13	9	6	4	3	2	1	1
228:	1	1	1	1	1	1	2	0

--------------------
Cycle:131	140	SW	R6, 176(R10)

Registers
R00:	0	2	1	28	19	13	41	8	0	0	8	1	0	0	0	0
R16:	0	0	0	0	0	0	0	0	0	0	0	0	0	0	0	0

Data
164:	0	-1	0	1	2	41	28	19
196:	13	9	6	4	3	2	1	1
228:	1	1	1	1	1	1	2	0

--------------------
Cycle:132	144	SUB	R1, R1, R2

Registers
R00:	0	1	1	28	19	13	41	8	0	0	8	1	0	0	0	0
R16:	0	0	0	0	0	0	0	0	0	0	0	0	0	0	0	0

Data
164:	0	-1	0	1	2	41	28	19
196:	13	9	6	4	3	2	1	1
228:	1	1	1	1	1	1	2	0

--------------------
Cycle:133	148	SW	R1, 252(R0)

Registers
R00:	0	1	1	28	19	13	41	8	0	0	8	1	0	0	0	0
R16:	0	0	0	0	0	0	0	0	0	0	0	0	0	0	0	0

Data
164:	0	-1	0	1	2	41	28	19
196:	13	9	6	4	3	2	1	1
228:	1	1	1	1	1	1	1	0

--------------------
Cycle:134	152	J	#96

Registers
R00:	0	1	1	28	19	13	41	8	0	0	8	1	0	0	0	0
R16:	0	0	0	0	0	0	0	0	0	0	0	0	0	0	0	0

Data
164:	0	-1	0	1	2	41	28	19
196:	13	9	6	4	3	2	1	1
228:	1	1	1	1	1	1	1	0

--------------------
Cycle:135	96	LW	R1, 252(R0)

Registers
R00:	0	1	1	28	19	13	41	8	0	0	8	1	0	0	0	0
R16:	0	0	0	0	0	0	0	0	0	0	0	0	0	0	0	0

Data
164:	0	-1	0	1	2	41	28	19
196:	13	9	6	4	3	2	1	1
228:	1	1	1	1	1	1	1	0

--------------------
Cycle:136	100	BLTZ	R1, #52

Registers
R00:	0	1	1	28	19	13	41	8	0	0	8	1	0	0	0	0
R16:	0	0	0	0	0	0	0	0	0	0	0	0	0	0	0	0

Data
164:	0	-1	0	1	2	41	28	19
196:	13	9	6	4	3	2	1	1
228:	1	1	1	1	1	1	1	0

--------------------
Cycle:137	104	SLL	R10, R1, #2

Registers
R00:	0	1	1	28	19	13	41	8	0	0	4	1	0	0	0	0
R16:	0	0	0	0	0	0	0	0	0	0	0	0	0	0	0	0

Data
164:	0	-1	0	1	2	41	28	19
196:	13	9	6	4	3	2	1	1
228:	1	1	1	1	1	1	1	0

--------------------
Cycle:138	108	LW	R5, 188(R10)

Registers
R00:	0	1	1	28	19	19	41	8	0	0	4	1	0	0	0	0
R16:	0	0	0	0	0	0	0	0	0	0	0	0	0	0	0	0

Data
164:	0	-1	0	1	2	41	28	19
196:	13	9	6	4	3	2	1	1
228:	1	1	1	1	1	1	1	0

--------------------
Cycle:139	112	LW	R4, 184(R10)

Registers
R00:	0	1	1	28	28	19	41	8	0	0	4	1	0	0	0	0
R16:	0	0	0	0	0	0	0	0	0	0	0	0	0	0	0	0

Data
164:	0	-1	0	1	2	41	28	19
196:	13	9	6	4	3	2	1	1
228:	1	1	1	1	1	1	1	0

--------------------
Cycle:140	116	LW	R3, 180(R10)

Registers
R00:	0	1	1	41	28	19	41	8	0	0	4	1	0	0	0	0
R16:	0	0	0	0	0	0	0	0	0	0	0	0	0	0	0	0

Data
164:	0	-1	0	1	2	41	28	19
196:	13	9	6	4	3	2	1	1
228:	1	1	1	1	1	1	1	0

--------------------
Cycle:141	120	SRL	R11, R1, #2

Registers
R00:	0	1	1	41	28	19	41	8	0	0	4	0	0	0	0	0
R16:	0	0	0	0	0	0	0	0	0	0	0	0	0	0	0	0

Data
164:	0	-1	0	1	2	41	28	19
196:	13	9	6	4	3	2	1	1
228:	1	1	1	1	1	1	1	0

--------------------
Cycle:142	124	MUL	R0, R11, R0

Registers
R00:	0	1	1	41	28	19	41	8	0	0	4	0	0	0	0	0
R16:	0	0	0	0	0	0	0	0	0	0	0	0	0	0	0	0

Data
164:	0	-1	0	1	2	41	28	19
196:	13	9	6	4	3	2	1	1
228:	1	1	1	1	1	1	1	0

--------------------
Cycle:143	128	ADD	R6, R5, R3

Registers
R00:	0	1	1	41	28	19	60	8	0	0	4	0	0	0	0	0
R16:	0	0	0	0	0	0	0	0	0	0	0	0	0	0	0	0

Data
164:	0	-1	0	1	2	41	28	19
196:	13	9	6	4	3	2	1	1
228:	1	1	1	1	1	1	1	0

--------------------
Cycle:144	132	J	#140

Registers
R00:	0	1	1	41	28	19	60	8	0	0	4	0	0	0	0	0
R16:	0	0	0	0	0	0	0	0	0	0	0	0	0	0	0	0

Data
164:	0	-1	0	1	2	41	28	19
196:	13	9	6	4	3	2	1	1
228:	1	1	1	1	1	1	1	0

--------------------
Cycle:145	140	SW	R6, 176(R10)

Registers
R00:	0	1	1	41	28	19	60	8	0	0	4	0	0	0	0	0
R16:	0	0	0	0	0	0	0	0	0	0	0	0	0	0	0	0

Data
164:	0	-1	0	1	60	41	28	19
196:	13	9	6	4	3	2	1	1
228:	1	1	1	1	1	1	1	0

--------------------
Cycle:146	144	SUB	R1, R1, R2

Registers
R00:	0	0	1	41	28	19	60	8	0	0	4	0	0	0	0	0
R16:	0	0	0	0	0	0	0	0	0	0	0	0	0	0	0	0

Data
164:	0	-1	0	1	60	41	28	19
196:	13	9	6	4	3	2	1	1
228:	1	1	1	1	1	1	1	0

--------------------
Cycle:147	148	SW	R1, 252(R0)

Registers
R00:	0	0	1	41	28	19	60	8	0	0	4	0	0	0	0	0
R16:	0	0	0	0	0	0	0	0	0	0	0	0	0	0	0	0

Data
164:	0	-1	0	1	60	41	28	19
196:	13	9	6	4	3	2	1	1
228:	1	1	1	1	1	1	0	0

--------------------
Cycle:148	152	J	#96

Registers
R00:	0	0	1	41	28	19	60	8	0	0	4	0	0	0	0	0
R16:	0	0	0	0	0	0	0	0	0	0	0	0	0	0	0	0

Data
164:	0	-1	0	1	60	41	28	19
196:	13	9	6	4	3	2	1	1
228:	1	1	1	1	1	1	0	0

--------------------
Cycle:149	96	LW	R1, 252(R0)

Registers
R00:	0	0	1	41	28	19	60	8	0	0	4	0	0	0	0	0
R16:	0	0	0	0	0	0	0	0	0	0	0	0	0	0	0	0

Data
164:	0	-1	0	1	60	41	28	19
196:	13	9	6	4	3	2	1	1
228:	1	1	1	1	1	1	0	0

--------------------
Cycle:150	100	BLTZ	R1, #52

Registers
R00:	0	0	1	41	28	19	60	8	0	0	4	0	0	0	0	0
R16:	0	0	0	0	0	0	0	0	0	0	0	0	0	0	0	0

Data
164:	0	-1	0	1	60	41	28	19
196:	13	9	6	4	3	2	1	1
228:	1	1	1	1	1	1	0	0

--------------------
Cycle:151	104	SLL	R10, R1, #2

Registers
R00:	0	0	1	41	28	19	60	8	0	0	0	0	0	0	0	0
R16:	0	0	0	0	0	0	0	0	0	0	0	0	0	0	0	0

Data
164:	0	-1	0	1	60	41	28	19
196:	13	9	6	4	3	2	1	1
228:	1	1	1	1	1	1	0	0

--------------------
Cycle:152	108	LW	R5, 188(R10)

Registers
R00:	0	0	1	41	28	28	60	8	0	0	0	0	0	0	0	0
R16:	0	0	0	0	0	0	0	0	0	0	0	0	0	0	0	0

Data
164:	0	-1	0	1	60	41	28	19
196:	13	9	6	4	3	2	1	1
228:	1	1	1	1	1	1	0	0

--------------------
Cycle:153	112	LW	R4, 184(R10)

Registers
R00:	0	0	1	41	41	28	60	8	0	0	0	0	0	0	0	0
R16:	0	0	0	0	0	0	0	0	0	0	0	0	0	0	0	0

Data
164:	0	-1	0	1	60	41	28	19
196:	13	9	6	4	3	2	1	1
228:	1	1	1	1	1	1	0	0

--------------------
Cycle:154	116	LW	R3, 180(R10)

Registers
R00:	0	0	1	60	41	28	60	8	0	0	0	0	0	0	0	0
R16:	0	0	0	0	0	0	0	0	0	0	0	0	0	0	0	0

Data
164:	0	-1	0	1	60	41	28	19
196:	13	9	6	4	3	2	1	1
228:	1	1	1	1	1	1	0	0

--------------------
Cycle:155	120	SRL	R11, R1, #2

Registers
R00:	0	0	1	60	41	28	60	8	0	0	0	0	0	0	0	0
R16:	0	0	0	0	0	0	0	0	0	0	0	0	0	0	0	0

Data
164:	0	-1	0	1	60	41	28	19
196:	13	9	6	4	3	2	1	1
228:	1	1	1	1	1	1	0	0

--------------------
Cycle:156	124	MUL	R0, R11, R0

Registers
R00:	0	0	1	60	41	28	60	8	0	0	0	0	0	0	0	0
R16:	0	0	0	0	0	0	0	0	0	0	0	0	0	0	0	0

Data
164:	0	-1	0	1	60	41	28	19
196:	13	9	6	4	3	2	1	1
228:	1	1	1	1	1	1	0	0

--------------------
Cycle:157	128	ADD	R6, R5, R3

Registers
R00:	0	0	1	60	41	28	88	8	0	0	0	0	0	0	0	0
R16:	0	0	0	0	0	0	0	0	0	0	0	0	0	0	0	0

Data
164:	0	-1	0	1	60	41	28	19
196:	13	9	6	4	3	2	1	1
228:	1	1	1	1	1	1	0	0

--------------------
Cycle:158	132	J	#140

Registers
R00:	0	0	1	60	41	28	88	8	0	0	0	0	0	0	0	0
R16:	0	0	0	0	0	0	0	0	0	0	0	0	0	0	0	0

Data
164:	0	-1	0	1	60	41	28	19
196:	13	9	6	4	3	2	1	1
228:	1	1	1	1	1	1	0	0

--------------------
Cycle:159	140	SW	R6, 176(R10)

Registers
R00:	0	0	1	60	41	28	88	8	0	0	0	0	0	0	0	0
R16:	0	0	0	0	0	0	0	0	0	0	0	0	0	0	0	0

Data
164:	0	-1	0	88	60	41	28	19
196:	13	9	6	4	3	2	1	1
228:	1	1	1	1	1	1	0	0

--------------------
Cycle:160	144	SUB	R1, R1, R2

Registers
R00:	0	-1	1	60	41	28	88	8	0	0	0	0	0	0	0	0
R16:	0	0	0	0	0	0	0	0	0	0	0	0	0	0	0	0

Data
164:	0	-1	0	88	60	41	28	19
196:	13	9	6	4	3	2	1	1
228:	1	1	1	1	1	1	0	0

--------------------
Cycle:161	148	SW	R1, 252(R0)

Registers
R00:	0	-1	1	60	41	28	88	8	0	0	0	0	0	0	0	0
R16:	0	0	0	0	0	0	0	0	0	0	0	0	0	0	0	0

Data
164:	0	-1	0	88	60	41	28	19
196:	13	9	6	4	3	2	1	1
228:	1	1	1	1	1	1	-1	0

--------------------
Cycle:162	152	J	#96

Registers
R00:	0	-1	1	60	41	28	88	8	0	0	0	0	0	0	0	0
R16:	0	0	0	0	0	0	0	0	0	0	0	0	0	0	0	0

Data
164:	0	-1	0	88	60	41	28	19
196:	13	9	6	4	3	2	1	1
228:	1	1	1	1	1	1	-1	0

--------------------
Cycle:163	96	LW	R1, 252(R0)

Registers
R00:	0	-1	1	60	41	28	88	8	0	0	0	0	0	0	0	0
R16:	0	0	0	0	0	0	0	0	0	0	0	0	0	0	0	0

Data
164:	0	-1	0	88	60	41	28	19
196:	13	9	6	4	3	2	1	1
228:	1	1	1	1	1	1	-1	0

--------------------
Cycle:164	100	BLTZ	R1, #52

Registers
R00:	0	-1	1	60	41	28	88	8	0	0	0	0	0	0	0	0
R16:	0	0	0	0	0	0	0	0	0	0	0	0	0	0	0	0

Data
164:	0	-1	0	88	60	41	28	19
196:	13	9	6	4	3	2	1	1
228:	1	1	1	1	1	1	-1	0

--------------------
Cycle:165	156	ADD	R1, R0, #4

Registers
R00:	0	4	1	60	41	28	88	8	0	0	0	0	0	0	0	0
R16:	0	0	0	0	0	0	0	0	0	0	0	0	0	0	0	0

Data
164:	0	-1	0	88	60	41	28	19
196:	13	9	6	4	3	2	1	1
228:	1	1	1	1	1	1	-1	0

--------------------
Cycle:166	160	BREAK

Registers
R00:	0	4	1	60	41	28	88	8	0	0	0	0	0	0	0	0
R16:	0	0	0	0	0	0	0	0	0	0	0	0	0	0	0	0

Data
164:	0	-1	0	88	60	41	28	19
196:	13	9	6	4	3	2	1	1
228:	1	1	1	1	1	1	-1	0

